# level,percentage/power,TH requirement,cost
#------------------------------------
# Regular Powers
#------------------------------------
# Stats per level
[ARCHER]
1,40,1,0
2,45,2,1000
3,50,3,2500
4,55,4,5000
5,60,5,7500
[WALLBREAKER]
1,2,1,0
2,4,2,1500
3,6,3,3000
4,8,4,6000
5,10,5,9000
6,12,6,12000
7,15,7,18000
[WIZARD]
1,60,5,0
2,65,5,10000
3,70,6,12500
4,75,7,15000
5,80,8,17500
6,90,9,20000
[ICEWIZARD]
1,20,6,0
2,30,6,25000
3,40,7,40000
4,50,8,60000
[HEALER]
1,17,7,0
2,20,7,10000
3,24,8,15000
4,28,9,20000
5,32,10,25000
6,36,11,30000
7,40,12,35000
8,45,13,40000
9,50,14,50000
[MINER]
1,50,9,0
2,60,9,20000
3,70,10,35000
4,80,11,50000
5,90,12,65000
[HEADHUNTER]
1,-15,11,0
2,-20,11,40000
3,-30,12,50000
4,-40,13,60000
5,-50,14,70000
[ETITAN]
1,75,12,0
2,80,12,55000
3,90,13,70000
4,100,14,85000
[APPRENTICEWARDEN]
1,16,13,0
2,19,13,75000
3,22,14,80000
4,25,15,90000
[DRAGONRIDER]
1,0,14,0
#------------------------------------
# Super Powers
#------------------------------------
[SUPERARCHER]
1,90,5,0
2,100,6,10000
3,110,7,15000
4,120,8,20000
5,130,9,25000
[SUPERWALLBREAKER]
1,20,8,0
2,24,9,20000
3,28,10,28000
4,32,11,36000
5,36,12,44000
6,40,13,52000
7,45,14,60000
8,50,15,70000
[SUPERWIZARD]
1,100,10,0
2,111,11,50000
3,122,12,55000
4,133,13,60000
5,144,14,70000
6,150,15,80000
[SUPERMINER]
1,105,13,0
2,120,13,55000
3,135,14,66000
4,150,15,77000
#------------------------------------
# Archer Queen
#------------------------------------
[ARCHERQUEEN]
1,150,10,0
2,160,11,40000
3,170,12,55000
4,185,13,70000
5,200,14,85000
