# level,hp,atk,def,speed,ability level
#------------------------------------
# Player
#------------------------------------
[BARBARIAN]
# Stats per level
1,9,6,6,10,0
2,10,7,7,10,0
3,11,8,8,10,0
4,12,9,9,10,0
5,13,10,10,11,0
6,14,11,11,11,0
7,15,12,12,11,0
8,16,13,13,11,0
9,18,14,14,11,0
10,20,15,15,12,0
11,23,17,17,12,1
12,26,19,19,12,1
13,29,21,21,12,1
14,32,23,23,12,1
15,35,25,25,13,1
16,38,27,27,13,2
17,41,29,29,13,2
18,44,31,31,13,2
19,47,33,33,13,2
20,50,35,35,13,2
21,53,37,37,13,3
22,56,39,39,13,3
23,59,41,41,13,3
24,62,43,43,13,3
25,65,45,45,14,3
26,68,47,47,14,4
27,71,49,49,14,4
28,74,51,51,14,4
29,77,53,53,14,4
30,80,55,55,15,4
31,83,57,57,15,5
32,86,59,59,15,5
33,89,61,61,15,5
34,92,63,63,15,5
35,95,65,65,16,5
36,98,67,67,16,6
37,101,69,69,16,6
38,104,71,71,16,6
39,107,73,73,16,6
40,110,75,75,17,6
41,113,77,77,17,7
42,116,79,79,17,7
43,119,81,81,17,7
44,122,83,83,17,7
45,125,85,85,18,7
46,128,87,87,18,8
47,131,89,89,18,8
48,134,91,91,18,8
49,137,93,93,18,8
50,140,95,95,19,8
#------------------------------------
[SUPERBARBARIAN]
51,150,103,103,22,9
52,154,106,106,22,9
53,158,109,109,22,9
54,162,112,112,22,9
55,166,115,115,23,9
56,170,118,118,23,10
57,174,121,121,23,10
58,178,124,124,23,10
59,182,127,127,23,10
60,186,130,130,24,10
61,190,133,133,24,11
62,194,136,136,24,11
63,198,139,139,24,11
64,202,142,142,24,11
65,206,145,145,25,11
66,210,148,148,25,12
67,214,151,151,25,12
68,218,154,154,25,12
69,222,157,157,25,12
70,226,160,160,26,12
71,230,163,163,26,13
72,234,166,166,26,13
73,238,169,169,26,13
74,242,172,172,26,13
75,246,175,175,27,13
76,250,178,178,27,14
77,254,181,181,27,14
78,258,184,184,27,14
79,262,187,187,27,14
80,266,190,190,28,14
81,270,193,193,28,15
82,274,196,196,28,15
83,278,199,199,28,15
84,282,202,202,28,15
85,286,205,205,29,15
86,290,208,208,29,16
87,294,211,211,29,16
88,298,214,214,29,16
89,302,217,217,29,16
90,306,220,220,30,16
91,310,223,223,30,17
92,314,226,226,30,17
93,318,229,229,30,17
94,322,232,232,30,17
95,326,235,235,31,17
96,330,238,238,31,18
97,334,241,241,31,18
98,338,244,244,31,18
99,342,247,247,31,18
100,346,250,250,32,18
#------------------------------------
[BARBARIANKING]
101,360,260,260,35,1
102,367,265,265,35,1
103,374,270,270,35,1
104,381,275,275,35,1
105,388,280,280,36,1
106,395,285,285,36,2
107,402,290,290,36,2
108,409,295,295,36,2
109,416,300,300,36,2
110,423,305,305,37,2
111,430,310,310,37,3
112,437,315,315,37,3
113,444,320,320,37,3
114,451,325,325,37,3
115,458,330,330,38,3
116,465,335,335,38,4
117,472,340,340,38,4
118,479,345,345,38,4
119,486,350,350,38,4
120,493,355,355,39,4
121,500,360,360,39,5
122,507,365,365,39,5
123,514,370,370,39,5
124,521,375,375,39,5
125,528,380,380,40,5
126,535,385,385,40,6
127,542,390,390,40,6
128,549,395,395,40,6
129,556,400,400,40,6
130,563,405,405,41,6
131,570,410,410,41,7
132,577,415,415,41,7
133,584,420,420,41,7
134,591,425,425,41,7
135,598,430,430,42,7
136,605,435,435,42,8
137,612,440,440,42,8
138,619,445,445,42,8
139,626,450,450,42,8
140,633,455,455,43,8
141,640,460,460,43,9
142,647,465,465,43,9
143,654,470,470,43,9
144,661,475,475,43,9
145,668,480,480,44,9
146,675,485,485,44,10
147,682,490,490,44,10
148,689,495,495,44,10
149,696,500,500,44,10
150,703,505,505,45,10
#------------------------------------
# Elixir Troops
#------------------------------------
[ARCHER]
1,3,7,5,12,0
2,4,8,6,12,0
3,5,9,7,12,0
4,6,10,8,12,0
5,7,11,9,13,0
8,10,14,12,13,0
10,12,16,14,15,0
20,22,26,19,17,0
30,32,36,29,21,0
40,45,46,40,25,0
#------------------------------------
[WALLBREAKER]
1,3,5,5,11,1
2,4,6,6,11,1
3,5,7,7,11,1
4,6,8,8,11,1
5,7,9,9,12,2
25,28,30,30,15,6
35,40,35,35,17,7
45,50,45,45,20,8
#------------------------------------
[GIANT]
1,6,2,6,7,1
2,7,3,7,7,1
3,8,4,8,7,1
4,9,5,9,7,1
5,10,6,10,8,3
20,30,15,20,11,5
30,50,20,30,13,6
40,70,30,50,15,7
45,80,34,60,16,8
58,100,38,80,18,9
68,120,45,90,20,10
78,140,55,110,22,11
88,160,60,130,22,11
#------------------------------------
[GOBLIN]
1,3,5,4,16,1
2,4,6,5,16,1
3,5,7,6,16,1
4,6,8,7,16,1
5,7,9,8,17,1
10,12,14,13,20,2
20,25,28,17,25,3
30,40,44,25,30,4
40,55,60,40,35,5
50,70,75,50,52,6
70,90,100,70,60,6
90,115,130,90,65,7
102,125,130,102,70,7
112,140,150,112,72,8
122,155,165,121,75,8
130,170,180,130,78,8
#------------------------------------
[BALLOON]
1,4,8,6,3,1
32,35,80,30,10,3
42,50,90,35,12,7
48,60,100,45,14,8
62,80,120,60,18,9
72,90,130,70,19,10
82,100,140,80,20,11
#------------------------------------
[WIZARD]
32,50,150,20,18,1
37,70,200,30,19,3
42,200,250,80,20,5
47,250,300,100,22,6
52,300,350,200,24,7
57,350,400,220,25,8
#------------------------------------
[HEALER]
58,600,50,50,16,1
68,800,55,55,18,3
75,1000,60,60,20,4
92,1500,75,75,22,5
105,2000,100,100,25,7
115,2500,125,125,27,8
125,3000,150,150,29,8
#------------------------------------
[BABYDRAGON]
55,100,100,100,25,1
65,150,150,150,27,3
75,200,200,200,28,5
85,250,250,250,30,7
95,300,300,300,32,8
105,350,350,350,34,9
#------------------------------------
[DRAGONRIDER]
130,1000,1400,600,45,1
140,1200,1500,700,50,1
150,1400,1600,800,55,1
#------------------------------------
[ICEWIZARD]
45,100,100,150,20,1
50,120,120,170,21,1
55,140,140,190,22,1
60,160,160,210,23,1
65,180,180,230,24,1
70,200,200,250,25,1
118,300,300,350,30,1
128,340,340,390,31,1
138,380,380,430,32,1
#------------------------------------
[MINER]
30,100,90,85,24,1
45,150,115,100,28,3
60,180,140,120,30,5
78,210,165,140,33,7
88,250,180,160,36,8
#------------------------------------
[SUPERARCHER]
37,60,70,50,25,1
48,100,80,60,27,1
58,125,100,75,30,1
68,150,120,90,33,1
#------------------------------------
[SUPERWALLBREAKER]
75,450,250,150,25,1
88,500,300,250,30,1
100,550,350,400,35,1
115,600,400,450,38,1
125,650,450,500,39,1
135,700,500,550,40,1
150,650,550,600,42,1
#------------------------------------
[ROCKETBALLOON]
92,150,400,150,34,1
102,225,475,200,36,1
112,300,550,250,38,1
122,375,600,300,40,1
132,450,675,350,42,1
142,525,750,400,44,1
#------------------------------------
[SUPERWIZARD]
82,300,500,180,26,1
92,350,550,190,28,1
102,400,600,200,30,1
112,450,650,210,31,1
122,500,700,220,32,1
#------------------------------------
[SUPERMINER]
94,575,670,540,32,1
112,700,800,600,35,1
122,850,900,700,38,1
132,900,1000,800,40,1
#------------------------------------
# Dark Elixir Troops
#------------------------------------
[MINION]
28,25,20,15,30,1
38,35,30,25,33,3
43,50,30,25,34,5
48,60,35,30,36,6
58,75,40,40,38,7
73,110,60,60,43,8
#------------------------------------
[HOGRIDER]
28,50,28,25,25,1
38,100,40,38,27,3
48,150,65,48,29,5
55,200,75,55,31,6
65,250,85,65,33,7
75,300,100,75,35,8
85,350,120,85,37,9
#------------------------------------
[VALKYRIE]
35,60,65,45,34,1
45,180,135,80,36,3
55,200,145,88,38,5
65,220,155,95,40,6
75,240,165,105,42,7
85,260,175,115,44,8
#------------------------------------
[GOLEM]
70,750,20,350,12,6
80,1000,30,400,15,7
90,1250,45,450,17,8
95,1500,50,500,18,9
105,1750,55,550,19,10
115,2000,60,600,20,11
#------------------------------------
[GOLEMITE]
70,150,50,70,24,6
80,200,60,80,30,7
90,225,70,95,33,8
95,300,75,100,36,9
105,350,80,110,38,10
115,400,85,120,40,11
#------------------------------------
[WITCH]
32,120,80,75,20,1
48,240,210,180,22,2
62,280,240,210,24,3
78,320,270,240,26,4
92,360,310,270,28,5
102,380,330,285,29,5
112,400,350,300,30,6
#------------------------------------
[SKELETON]
32,50,50,25,35,1
48,50,50,25,36,1
62,50,50,25,37,1
78,50,50,25,38,1
92,50,50,25,39,1
112,50,50,25,40,1
#------------------------------------
[BOWLER]
92,300,370,200,25,1
102,360,43,215,27,3
108,420,490,230,29,4
118,480,550,245,30,5
128,540,600,260,31,6
#------------------------------------
[ICEGOLEM]
118,500,50,500,20,1
128,650,75,600,21,5
138,800,100,700,22,7
#------------------------------------
[HEADHUNTER]
98,300,250,175,33,1
105,375,300,200,35,2
115,450,350,225,37,3
125,500,400,250,39,3
#------------------------------------
[APPRENTICEWARDEN]
115,300,40,150,22,1
122,400,45,200,24,2
132,450,48,250,26,3
140,500,50,300,28,4
150,600,55,400,30,5
160,700,60,500,30,6
170,800,70,600,30,7
180,1000,100,800,33,8
#------------------------------------
# Bosses
#------------------------------------
[INFERNODRAGON]
125,500,300,250,35,1
135,600,400,275,36,2
145,700,500,300,37,3
#------------------------------------
[DRAGON]
60,300,175,150,30,1
70,375,200,175,31,2
80,450,225,200,32,3
88,525,250,225,33,4
95,600,275,250,34,5
98,675,300,275,35,6
108,750,325,300,36,7
118,825,350,325,37,9
#------------------------------------
[SUPERDRAGON]
128,900,1200,1000,38,1
138,1100,1300,1100,39,1
148,1300,1400,1100,40,1
#------------------------------------
[EDRAG]
98,720,900,700,20,2
108,780,1000,800,22,3
118,840,1100,900,24,4
128,900,1200,1000,25,5
#------------------------------------
[ETITAN]
110,1100,750,750,25,1
120,1250,1000,1000,27,2
130,1400,1250,1250,29,3
#------------------------------------
[PEKKA]
70,350,200,100,26,2
80,400,250,150,28,3
90,450,300,200,30,4
100,500,400,250,32,5
108,700,450,300,34,6
120,800,500,350,36,7
130,900,600,400,38,8
140,1000,700,450,40,9
150,1200,800,550,42,10
170,1500,1000,650,44,10
190,1800,1200,750,46,10
#------------------------------------
[LAVAHOUND]
90,700,40,350,42,1
100,850,60,400,46,2
118,1000,80,450,48,3
128,1200,100,500,50,4
138,1400,120,550,50,5
148,1600,140,600,50,6
#------------------------------------
[LAVAPUP]
90,100,40,50,52,1
118,200,80,150,58,1
128,300,100,175,60,1
#------------------------------------
[MOMMA]
150,5000,1000,500,50,1
175,6000,1200,600,53,1
200,7500,1500,750,58,1
